######################## Quicksort ########################

Length of list is:
500000

Original List is:
[443368995 667593514 940995585 ... 766976869 537369906 984919011]

---Quicksort Execution time: 0.22259116172790527 seconds ---

Sorted list is:
71915     100002896
73382     100007617
275641    100008904
354811    100009763
146691    100013196
97076     100013625
6151      100014913
434874    100016200
423998    100017917
24591     100018346
34257     100019204
158282    100023066
8268      100023925
432733    100024354
344808    100035941
397426    100040233
125174    100041949
354682    100043666
101389    100044953
368382    100045382
190852    100047957
346715    100050961
272669    100051820
474000    100053107
356500    100054824
221551    100059545
134515    100061261
347957    100062119
364163    100068128
262710    100069415
            ...    
423341    999948823
319599    999949681
15665     999950540
134259    999951398
298549    999952256
118589    999955689
321592    999960410
63627     999961698
485310    999962985
193094    999966418
490969    999967706
72138     999968135
430800    999970710
203361    999971139
69989     999972856
304860    999975860
208736    999977576
220785    999978005
466788    999979293
54886     999980151
434546    999985301
410104    999987876
422479    999990880
419857    999991738
420738    999992167
14982     999993884
469851    999996030
301324    999996459
137633    999998605
146659    999999463
Name: OrderID, Length: 500000, dtype: int64

######################## Mergesort ########################

Length of list is:
500000

Original List is:
[443368995 667593514 940995585 ... 766976869 537369906 984919011]

---Mergesort Execution time: 0.24364900588989258 seconds ---

Sorted list is:
71915     100002896
73382     100007617
275641    100008904
354811    100009763
146691    100013196
97076     100013625
6151      100014913
434874    100016200
423998    100017917
24591     100018346
34257     100019204
158282    100023066
8268      100023925
432733    100024354
344808    100035941
397426    100040233
125174    100041949
354682    100043666
101389    100044953
368382    100045382
190852    100047957
346715    100050961
272669    100051820
474000    100053107
356500    100054824
221551    100059545
134515    100061261
347957    100062119
364163    100068128
262710    100069415
            ...    
423341    999948823
319599    999949681
15665     999950540
134259    999951398
298549    999952256
118589    999955689
321592    999960410
63627     999961698
485310    999962985
193094    999966418
490969    999967706
72138     999968135
430800    999970710
203361    999971139
69989     999972856
304860    999975860
208736    999977576
220785    999978005
466788    999979293
54886     999980151
434546    999985301
410104    999987876
422479    999990880
419857    999991738
420738    999992167
14982     999993884
469851    999996030
301324    999996459
137633    999998605
146659    999999463
Name: OrderID, Length: 500000, dtype: int64